"","001","002","003","005","006","011","012","013","015","017","019","023","024","025","027","030","032","036","037","038","041","043","044","046","051","053","057","058","061","072","078"
"001",1,0.759218031109898,0.163447209149473,0.00207473898606325,0.00118023553704493,0.0996331253127974,0.00049046951958775,0.0604920369079342,0.00145631673604425,0.00118023553704493,0.00355161122240991,0.00207473898606325,0.0106210374541649,0.0538892636575734,0.0113598277007525,0.190116149159738,0.0888940041773371,0.25213226502041,0.292097128679037,0.137930875520755,0.0126776125499295,0.221872549710227,0.632519261364896,0.00107986446003686,0.552010116256012,0.00696341931745391,0.0777736296548251,0.0113598277007525,0.00207473898606325,0.0796049808179062,0.00224300048589827
"002",0.759218031109898,1,0.32028090139316,0.125140443527608,0.106511966275839,0.27460087835317,0.0380285239750724,0.444933191797973,0.0734381856104845,0.106511966275839,0.179611162357926,0.125140443527608,0.129409441718145,0.28613685083815,0.154793347757476,0.759218031109898,0.305272139834058,0.318415022304159,0.504260351134679,0.364191650509047,0.120866101214667,0.375540798173589,0.576165703689398,0.0908668742285147,0.557408546815622,0.0751617715110791,0.274711738953749,0.154793347757476,0.125140443527608,0.637618091400602,0.149867765386403
"003",0.163447209149473,0.32028090139316,1,0.661254627058137,0.556427685334412,1,0.197181834369574,0.596974055792756,0.405172271759014,0.556427685334412,0.879356019048895,0.661254627058137,0.675809393211037,0.890768163708779,0.777141640720576,0.334958154679916,0.895797466314871,0.675809393211037,0.739764063464328,0.792991639088157,0.637994846560845,0.795486662978909,0.121356354943617,0.468418103744299,0.115959624613856,0.422967231808793,0.927718439690535,0.777141640720576,0.661254627058137,0.391002218955771,0.766293269543482
"005",0.00207473898606325,0.125140443527608,0.661254627058137,1,0.673694409505607,0.590600430126303,0.0598315784597772,0.0769296881757399,0.357179449276595,0.673694409505607,0.401243038258125,1,1,0.35652210548118,0.780872252864248,0.0101755401234568,0.426008777201696,0.820213639099034,0.412791392844331,0.343608703706077,0.924128082287083,0.409299533676556,0.0107120452369427,0.401243038258125,0.00282200459122687,0.465138491744706,0.425061891089736,0.780872252864248,1,0.0182198547432224,0.705184375788394
"006",0.00118023553704493,0.106511966275839,0.556427685334412,0.673694409505607,1,0.468238119811652,0.0746830526421506,0.0432323382822061,0.478008700218044,1,0.0981403076081541,0.673694409505607,0.771769058299874,0.243654999582729,0.54865318852489,0.00457875522434928,0.316879318877338,0.878606922639549,0.34265894370264,0.269054455293433,0.834503883892807,0.360174591331687,0.0112792353966489,0.537440344426674,0.0030132836709641,0.596677992259046,0.315844784793996,0.54865318852489,0.673694409505607,0.00323903707654442,0.359990654813712
"011",0.0996331253127974,0.27460087835317,1,0.590600430126303,0.468238119811652,1,0.126203174252521,0.521659453302519,0.315588780323175,0.468238119811652,0.849298606584901,0.590600430126303,0.616538948710092,0.870654543382556,0.733079575561379,0.245161432227154,0.879157338434179,0.666733683778486,0.714984926056953,0.760751030331174,0.570750293873129,0.766007331140578,0.072902765740684,0.374094922167905,0.0654830360880374,0.343671550165738,0.914833884643219,0.733079575561379,0.590600430126303,0.296689366798497,0.712968456939237
"012",0.00049046951958775,0.0380285239750724,0.197181834369574,0.0598315784597772,0.0746830526421506,0.126203174252521,1,0.00662181627576849,0.266569703380069,0.0746830526421506,0.02242181660923,0.0598315784597772,0.117160043704252,0.0421863952947537,0.0727863220448787,0.00145631673604425,0.0705641341359707,0.763547538061956,0.123894521632635,0.0728189577984258,0.124463929420543,0.141876274858178,0.00215779024885011,0.116380373058872,0.000538518291677855,0.359990654813712,0.0708562247135168,0.0727863220448787,0.0598315784597772,0.00616537313883715,0.0337095521893971
"013",0.0604920369079342,0.444933191797973,0.596974055792756,0.0769296881757399,0.0432323382822061,0.521659453302519,0.00662181627576849,1,0.0280308892888981,0.0432323382822061,0.150127165772531,0.0769296881757399,0.135627102051938,0.54412317167164,0.178507074832467,0.334946943801825,0.595853402634429,0.481308333415016,0.919219584150718,0.735273292436254,0.114005286428563,0.752363143730266,0.0740550167253453,0.0305737348165991,0.038580448129843,0.0580669972561572,0.518482813251412,0.178507074832467,0.0769296881757399,0.421509395473115,0.10762920485703
"015",0.00145631673604425,0.0734381856104845,0.405172271759014,0.357179449276595,0.478008700218044,0.315588780323175,0.266569703380069,0.0280308892888981,1,0.478008700218044,0.116380373058872,0.357179449276595,0.460190907199161,0.147317060655011,0.316931654474406,0.00531104095684453,0.202081042266441,1,0.248004610618149,0.173035985766811,0.487709896770134,0.245719541763243,0.00508704810601621,0.710984225473606,0.00146445884011156,1,0.196014304089637,0.316931654474406,0.357179449276595,0.013846832988859,0.2122795690324
"017",0.00118023553704493,0.106511966275839,0.556427685334412,0.673694409505607,1,0.468238119811652,0.0746830526421506,0.0432323382822061,0.478008700218044,1,0.0981403076081541,0.673694409505607,0.771769058299874,0.243654999582729,0.54865318852489,0.00457875522434928,0.316879318877338,0.878606922639549,0.34265894370264,0.269054455293433,0.834503883892807,0.360174591331687,0.0112792353966489,0.537440344426674,0.0030132836709641,0.596677992259046,0.315844784793996,0.54865318852489,0.673694409505607,0.00323903707654442,0.359990654813712
"019",0.00355161122240991,0.179611162357926,0.879356019048895,0.401243038258125,0.0981403076081541,0.849298606584901,0.02242181660923,0.150127165772531,0.116380373058872,0.0981403076081541,1,0.401243038258125,0.564442923213001,0.608063676607309,0.756731081463986,0.0166979601915548,0.666362509506582,0.70553062456402,0.566878062722604,0.535027418398449,0.481705501754852,0.58805286563531,0.0218633066283835,0.0300197452875444,0.00700636386441763,0.225556081735636,0.688418591765361,0.756731081463986,0.401243038258125,0.00598625569770709,0.62392891440436
"023",0.00207473898606325,0.125140443527608,0.661254627058137,1,0.673694409505607,0.590600430126303,0.0598315784597772,0.0769296881757399,0.357179449276595,0.673694409505607,0.401243038258125,1,1,0.35652210548118,0.780872252864248,0.0101755401234568,0.426008777201696,0.820213639099034,0.412791392844331,0.343608703706077,0.924128082287083,0.409299533676556,0.0107120452369427,0.401243038258125,0.00282200459122687,0.465138491744706,0.425061891089736,0.780872252864248,1,0.0182198547432224,0.705184375788394
"024",0.0106210374541649,0.129409441718145,0.675809393211037,1,0.771769058299874,0.616538948710092,0.117160043704252,0.135627102051938,0.460190907199161,0.771769058299874,0.564442923213001,1,1,0.413312286484438,0.81647018196559,0.0367698926093315,0.465306916332871,0.822377091134086,0.428799187292016,0.373479746986655,0.937059719247559,0.414022179815071,0.0128709266229906,0.564442923213001,0.00687888910836781,0.524116271308166,0.468958484901474,0.81647018196559,1,0.0576688856224373,0.782348756504695
"025",0.0538892636575734,0.28613685083815,0.890768163708779,0.35652210548118,0.243654999582729,0.870654543382556,0.0421863952947537,0.54412317167164,0.147317060655011,0.243654999582729,0.608063676607309,0.35652210548118,0.413312286484438,1,0.524784718607613,0.189481960935184,1,0.608867858514634,0.789398496631501,0.85764343948876,0.363299462579937,0.8633684275994,0.0475317944661124,0.176977784191542,0.0329254070401085,0.189148767031608,0.948650765218783,0.524784718607613,0.35652210548118,0.239442598636003,0.469526519083806
"027",0.0113598277007525,0.154793347757476,0.777141640720576,0.780872252864248,0.54865318852489,0.733079575561379,0.0727863220448787,0.178507074832467,0.316931654474406,0.54865318852489,0.756731081463986,0.780872252864248,0.81647018196559,0.524784718607613,1,0.0439153235056008,0.573187992669295,0.764919369976086,0.501522767751474,0.461635902875923,0.745829241038859,0.497239336190351,0.0156112241987119,0.377562807494264,0.0076384784044614,0.39095499094793,0.58540284103364,1,0.780872252864248,0.0662756027415243,1
"030",0.190116149159738,0.759218031109898,0.334958154679916,0.0101755401234568,0.00457875522434928,0.245161432227154,0.00145631673604425,0.334946943801825,0.00531104095684453,0.00457875522434928,0.0166979601915548,0.0101755401234568,0.0367698926093315,0.189481960935184,0.0439153235056008,1,0.253696310335327,0.359690470012015,0.574274231856398,0.343608703706077,0.0357926787908253,0.409299533676556,0.189481960935184,0.00355161122240991,0.110014689394141,0.0195150653843224,0.207901953141532,0.0439153235056008,0.0101755401234568,0.637618091400602,0.0121941868183737
"032",0.0888940041773371,0.305272139834058,0.895797466314871,0.426008777201696,0.316879318877338,0.879157338434179,0.0705641341359707,0.595853402634429,0.202081042266441,0.316879318877338,0.666362509506582,0.426008777201696,0.465306916332871,1,0.573187992669295,0.253696310335327,1,0.612790146543561,0.798330611500282,0.868830135063872,0.419666852257916,0.872584958230521,0.067759487730449,0.243113785627897,0.0559166816866894,0.233993364401168,0.95340195612111,0.573187992669295,0.426008777201696,0.312036356739592,0.53655884077555
"036",0.25213226502041,0.318415022304159,0.675809393211037,0.820213639099034,0.878606922639549,0.666733683778486,0.763547538061956,0.481308333415016,1,0.878606922639549,0.70553062456402,0.820213639099034,0.822377091134086,0.608867858514634,0.764919369976086,0.359690470012015,0.612790146543561,1,0.537771830749655,0.564656175136862,0.841023421762263,0.56529482276458,0.212715594018625,0.938979479910796,0.211752915059749,1,0.626036379026784,0.764919369976086,0.820213639099034,0.391002218955771,0.76218026889749
"037",0.292097128679037,0.504260351134679,0.739764063464328,0.412791392844331,0.34265894370264,0.714984926056953,0.123894521632635,0.919219584150718,0.248004610618149,0.34265894370264,0.566878062722604,0.412791392844331,0.428799187292016,0.789398496631501,0.501522767751474,0.574274231856398,0.798330611500282,0.537771830749655,1,0.897615067151303,0.400556265900706,0.898705483152502,0.220353186897349,0.287882445568001,0.209533035912303,0.260087422503778,0.75786641039118,0.501522767751474,0.412791392844331,0.661174975961546,0.485428712173917
"038",0.137930875520755,0.364191650509047,0.792991639088157,0.343608703706077,0.269054455293433,0.760751030331174,0.0728189577984258,0.735273292436254,0.173035985766811,0.269054455293433,0.535027418398449,0.343608703706077,0.373479746986655,0.85764343948876,0.461635902875923,0.343608703706077,0.868830135063872,0.564656175136862,0.897615067151303,1,0.337894684756984,1,0.0981394713150757,0.217508444646241,0.0892466358335553,0.191558689734413,0.815084779346342,0.461635902875923,0.343608703706077,0.422649730810374,0.430320464869605
"041",0.0126776125499295,0.120866101214667,0.637994846560845,0.924128082287083,0.834503883892807,0.570750293873129,0.124463929420543,0.114005286428563,0.487709896770134,0.834503883892807,0.481705501754852,0.924128082287083,0.937059719247559,0.363299462579937,0.745829241038859,0.0357926787908253,0.419666852257916,0.841023421762263,0.400556265900706,0.337894684756984,1,0.38797680652347,0.0130787836337644,0.605795809375166,0.0078151744170946,0.55487828305637,0.420396020146228,0.745829241038859,0.924128082287083,0.0728273500544693,0.694999239917278
"043",0.221872549710227,0.375540798173589,0.795486662978909,0.409299533676556,0.360174591331687,0.766007331140578,0.141876274858178,0.752363143730266,0.245719541763243,0.360174591331687,0.58805286563531,0.409299533676556,0.414022179815071,0.8633684275994,0.497239336190351,0.409299533676556,0.872584958230521,0.56529482276458,0.898705483152502,1,0.38797680652347,1,0.143898326103978,0.317385784238601,0.15539315797343,0.239976833156439,0.822206065314767,0.497239336190351,0.409299533676556,0.5,0.489904571059693
"044",0.632519261364896,0.576165703689398,0.121356354943617,0.0107120452369427,0.0112792353966489,0.072902765740684,0.00215779024885011,0.0740550167253453,0.00508704810601621,0.0112792353966489,0.0218633066283835,0.0107120452369427,0.0128709266229906,0.0475317944661124,0.0156112241987119,0.189481960935184,0.067759487730449,0.212715594018625,0.220353186897349,0.0981394713150757,0.0130787836337644,0.143898326103978,1,0.0100990055880421,1,0.0069839524539166,0.0564308761463717,0.0156112241987119,0.0107120452369427,0.132841840559776,0.014432863672203
"046",0.00107986446003686,0.0908668742285147,0.468418103744299,0.401243038258125,0.537440344426674,0.374094922167905,0.116380373058872,0.0305737348165991,0.710984225473606,0.537440344426674,0.0300197452875444,0.401243038258125,0.564442923213001,0.176977784191542,0.377562807494264,0.00355161122240991,0.243113785627897,0.938979479910796,0.287882445568001,0.217508444646241,0.605795809375166,0.317385784238601,0.0100990055880421,1,0.00284520640519664,0.785965526070127,0.245083496219926,0.377562807494264,0.401243038258125,0.00160886712173925,0.178284933264007
"051",0.552010116256012,0.557408546815622,0.115959624613856,0.00282200459122687,0.0030132836709641,0.0654830360880374,0.000538518291677855,0.038580448129843,0.00146445884011156,0.0030132836709641,0.00700636386441763,0.00282200459122687,0.00687888910836781,0.0329254070401085,0.0076384784044614,0.110014689394141,0.0559166816866894,0.211752915059749,0.209533035912303,0.0892466358335553,0.0078151744170946,0.15539315797343,1,0.00284520640519664,1,0.00429639732520555,0.0482199429778554,0.0076384784044614,0.00282200459122687,0.0689035089119571,0.00378933610451284
"053",0.00696341931745391,0.0751617715110791,0.422967231808793,0.465138491744706,0.596677992259046,0.343671550165738,0.359990654813712,0.0580669972561572,1,0.596677992259046,0.225556081735636,0.465138491744706,0.524116271308166,0.189148767031608,0.39095499094793,0.0195150653843224,0.233993364401168,1,0.260087422503778,0.191558689734413,0.55487828305637,0.239976833156439,0.0069839524539166,0.785965526070127,0.00429639732520555,1,0.228564619970867,0.39095499094793,0.465138491744706,0.0348969845101509,0.329486987166182
"057",0.0777736296548251,0.274711738953749,0.927718439690535,0.425061891089736,0.315844784793996,0.914833884643219,0.0708562247135168,0.518482813251412,0.196014304089637,0.315844784793996,0.688418591765361,0.425061891089736,0.468958484901474,0.948650765218783,0.58540284103364,0.207901953141532,0.95340195612111,0.626036379026784,0.75786641039118,0.815084779346342,0.420396020146228,0.822206065314767,0.0564308761463717,0.245083496219926,0.0482199429778554,0.228564619970867,1,0.58540284103364,0.425061891089736,0.269703256659778,0.544158341241075
"058",0.0113598277007525,0.154793347757476,0.777141640720576,0.780872252864248,0.54865318852489,0.733079575561379,0.0727863220448787,0.178507074832467,0.316931654474406,0.54865318852489,0.756731081463986,0.780872252864248,0.81647018196559,0.524784718607613,1,0.0439153235056008,0.573187992669295,0.764919369976086,0.501522767751474,0.461635902875923,0.745829241038859,0.497239336190351,0.0156112241987119,0.377562807494264,0.0076384784044614,0.39095499094793,0.58540284103364,1,0.780872252864248,0.0662756027415243,1
"061",0.00207473898606325,0.125140443527608,0.661254627058137,1,0.673694409505607,0.590600430126303,0.0598315784597772,0.0769296881757399,0.357179449276595,0.673694409505607,0.401243038258125,1,1,0.35652210548118,0.780872252864248,0.0101755401234568,0.426008777201696,0.820213639099034,0.412791392844331,0.343608703706077,0.924128082287083,0.409299533676556,0.0107120452369427,0.401243038258125,0.00282200459122687,0.465138491744706,0.425061891089736,0.780872252864248,1,0.0182198547432224,0.705184375788394
"072",0.0796049808179062,0.637618091400602,0.391002218955771,0.0182198547432224,0.00323903707654442,0.296689366798497,0.00616537313883715,0.421509395473115,0.013846832988859,0.00323903707654442,0.00598625569770709,0.0182198547432224,0.0576688856224373,0.239442598636003,0.0662756027415243,0.637618091400602,0.312036356739592,0.391002218955771,0.661174975961546,0.422649730810374,0.0728273500544693,0.5,0.132841840559776,0.00160886712173925,0.0689035089119571,0.0348969845101509,0.269703256659778,0.0662756027415243,0.0182198547432224,NA,0.0162766034594286
"078",0.00224300048589827,0.149867765386403,0.766293269543482,0.705184375788394,0.359990654813712,0.712968456939237,0.0337095521893971,0.10762920485703,0.2122795690324,0.359990654813712,0.62392891440436,0.705184375788394,0.782348756504695,0.469526519083806,1,0.0121941868183737,0.53655884077555,0.76218026889749,0.485428712173917,0.430320464869605,0.694999239917278,0.489904571059693,0.014432863672203,0.178284933264007,0.00378933610451284,0.329486987166182,0.544158341241075,1,0.705184375788394,0.0162766034594286,1
