"","001","002","003","005","006","011","012","013","015","017","019","023","024","025","027","030","032","036","037","038","041","043","044","046","051","053","057","058","061","072","078"
"001",1,0.608338989163741,0.34952706746679,0.20814050044543,0.355591450946494,0.295013936201225,0.141066810258158,0.465702627300479,0.297598220318008,0.260749251673756,0.174360782189591,0.225979584832677,0.275253686878154,0.208279615840946,0.200912724311774,0.302804463360581,0.284651868157037,0.348141892307385,0.336943253135854,0.334371115242031,0.311008409795466,0.337117679705373,0.505922711926404,0.179517765810733,0.402416243302954,0.210410894191936,0.383039511227085,0.298493601135432,0.307198506335017,0.298274579962614,0.408306918839835
"002",0.608338989163741,1,0.479654188232,0.324802437164152,0.231714459389441,0.533452089009869,0.174915177598687,0.366797393616672,0.192333635910715,0.254994922828464,0.428096050973601,0.223920016356092,0.248856754178521,0.403156024855071,0.326014845736901,0.576210399101281,0.45603268197871,0.401349974248964,0.383336575520374,0.53952626732079,0.257629144354049,0.485932300076894,0.551681644323952,0.291794925922261,0.621576952622462,0.219418421356441,0.388721873876882,0.42822457512262,0.386816732186612,0.513305399713735,0.281630856505
"003",0.34952706746679,0.479654188232,1,0.502233753978894,0.427507838268381,0.551675497330004,0.28361132101134,0.417121426980026,0.445327439263336,0.42862505603977,0.523083195658179,0.526737927888523,0.561867588285667,0.568164638612409,0.668640459100724,0.306795344704621,0.48082978605033,0.679055275027653,0.388509427234384,0.805214412610375,0.621339891783255,0.595187437338662,0.409331616569901,0.538802828041322,0.256540772284705,0.572779883233761,0.570740128380844,0.54423909713221,0.33180413674629,0.34284387847535,0.502008416075759
"005",0.20814050044543,0.324802437164152,0.502233753978894,1,0.561596685569397,0.674179119861784,0.175172283352566,0.169169811748225,0.482467945512144,0.737044917977427,0.582421400410142,0.579861195584554,0.578327562544426,0.52171635195557,0.588391146409057,0.234514118191312,0.496618541601047,0.474084568728746,0.221499626349212,0.460539618464337,0.49841476659371,0.491742104824748,0.199611953644779,0.665697511015772,0.163322166465666,0.297779825111078,0.362158894717665,0.620063407040493,0.328275399337825,0.156257387068533,0.436093499157962
"006",0.355591450946494,0.231714459389441,0.427507838268381,0.561596685569397,1,0.536262137639051,0.321248369203683,0.264406355786872,0.60887033903075,0.695501109477885,0.538952298307648,0.675578679965495,0.641003578878442,0.508327710091227,0.528678460826984,0.208007806894946,0.585990298667911,0.54458970055196,0.282222201810898,0.42372430119037,0.711400430570016,0.446296964460489,0.227163108189797,0.45638946807235,0.0996303852733068,0.438972672089942,0.435709880401028,0.400414236160495,0.320987967574946,0.231897940292142,0.542603813657821
"011",0.295013936201225,0.533452089009869,0.551675497330004,0.674179119861784,0.536262137639051,1,0.435301271612787,0.400423416072064,0.508607678288605,0.595216383549357,0.757568210252789,0.562851351747619,0.487591666471902,0.688994168329979,0.628154981674434,0.486260150124726,0.763367641225294,0.439756688396274,0.541973908292724,0.549674959302795,0.507755598911562,0.806252095051221,0.327779241492131,0.652013780141182,0.469947718131927,0.337586081731197,0.670521144741242,0.701742319937878,0.510096507331184,0.215782772463267,0.592240704239393
"012",0.141066810258158,0.174915177598687,0.28361132101134,0.175172283352566,0.321248369203683,0.435301271612787,1,0.0950762677601779,0.482753272398759,0.194021881552264,0.213245731232471,0.18907139015814,0.255287868342789,0.171916262527903,0.117538914489747,0.107831706316478,0.191438019477162,0.63204817534642,0.230657490173356,0.244293288150649,0.195107324600549,0.258282505470487,0.161605613531891,0.457170379275406,0.0669436965971958,0.409661955840867,0.310859177007941,0.222232785282956,0.236926234176592,0.255028377474888,0.197022999694397
"013",0.465702627300479,0.366797393616672,0.417121426980026,0.169169811748225,0.264406355786872,0.400423416072064,0.0950762677601779,1,0.263366910897996,0.218989355588732,0.125471235627134,0.190539270131332,0.321194055505052,0.232897159712274,0.200950216892045,0.200259802186967,0.247972569177956,0.480285410274126,0.596623886060917,0.495918562972327,0.328753713724762,0.45783469411686,0.411998850043827,0.145553029760995,0.283244004122288,0.187921675855315,0.627251493554871,0.189666690799195,0.232325112956986,0.491865463353269,0.325131170018605
"015",0.297598220318008,0.192333635910715,0.445327439263336,0.482467945512144,0.60887033903075,0.508607678288605,0.482753272398759,0.263366910897996,1,0.565003284532396,0.319008925777671,0.486388631235324,0.399843698596824,0.317135869046082,0.395314191216073,0.137650323343168,0.362035711961239,0.591118863345813,0.242255591321786,0.316724758104898,0.618323691512755,0.433268845449978,0.186107933016701,0.660818457774016,0.0846622904509582,0.537663824878125,0.36898365875011,0.35645966530724,0.160694684403488,0.21560602484738,0.360430162735405
"017",0.260749251673756,0.254994922828464,0.42862505603977,0.737044917977427,0.695501109477885,0.595216383549357,0.194021881552264,0.218989355588732,0.565003284532396,1,0.424043444140981,0.613924711854287,0.548492562717356,0.450726980223301,0.449288728626977,0.205911105785598,0.431094600286808,0.500700685593672,0.228558214884943,0.375767176571321,0.532216151332239,0.406921700223711,0.199410681401855,0.584106923664577,0.0972786033962788,0.333750734179461,0.36212882338185,0.481107663057956,0.250972068761418,0.184194958726331,0.402123095199182
"019",0.174360782189591,0.428096050973601,0.523083195658179,0.582421400410142,0.538952298307648,0.757568210252789,0.213245731232471,0.125471235627134,0.319008925777671,0.424043444140981,1,0.499819126803474,0.498926426689668,0.725558775624492,0.590245759514367,0.277804360366292,0.752624724098949,0.462022778484625,0.256594486544595,0.561127586050599,0.392973493043089,0.516352099784798,0.219403750439807,0.398158010594176,0.257395012798087,0.314541746636131,0.436850050502815,0.485929047854621,0.188595422541956,0.130298607765823,0.473711884416127
"023",0.225979584832677,0.223920016356092,0.526737927888523,0.579861195584554,0.675578679965495,0.562851351747619,0.18907139015814,0.190539270131332,0.486388631235324,0.613924711854287,0.499819126803474,1,0.499819126803474,0.415631869089472,0.66470733016732,0.137013562650455,0.521688852476339,0.54377555902896,0.242126591621725,0.436383497719568,0.672487637560615,0.609662060519333,0.180014224006052,0.584981605235731,0.108038267273702,0.425867890827181,0.391061280182359,0.41960723601258,0.307658990515685,0.185062570982139,0.506157289531652
"024",0.275253686878154,0.248856754178521,0.561867588285667,0.578327562544426,0.641003578878442,0.487591666471902,0.255287868342789,0.321194055505052,0.399843698596824,0.548492562717356,0.498926426689668,0.499819126803474,1,0.565721083010194,0.531445557133796,0.248590406746105,0.417858500374988,0.643625718917464,0.460003697101519,0.440673947675641,0.735004806616565,0.389781412413247,0.322273157620989,0.369157073596313,0.107524998231875,0.505499256490869,0.687057805139164,0.394492498934867,0.456123345677539,0.376216133074464,0.630713694544278
"025",0.208279615840946,0.403156024855071,0.568164638612409,0.52171635195557,0.508327710091227,0.688994168329979,0.171916262527903,0.232897159712274,0.317135869046082,0.450726980223301,0.725558775624492,0.415631869089472,0.565721083010194,1,0.625682644988254,0.423997217447762,0.768720172213337,0.472600231472024,0.35360808640206,0.639339679279358,0.450087394963644,0.629189872836761,0.284384207668891,0.396946148390671,0.220396680321248,0.42057593713397,0.569424413264983,0.42000415562462,0.211423346357168,0.215370518296451,0.599387852162587
"027",0.200912724311774,0.326014845736901,0.668640459100724,0.588391146409057,0.528678460826984,0.628154981674434,0.117538914489747,0.200950216892045,0.395314191216073,0.449288728626977,0.590245759514367,0.66470733016732,0.531445557133796,0.625682644988254,1,0.201255926658777,0.486251810231611,0.555703697495597,0.282117209502394,0.627945289166815,0.671194424948546,0.83241311206345,0.22094410335936,0.653946878484039,0.234526474773802,0.513164783225581,0.47161721088358,0.534166528076027,0.280408307756038,0.188070213620091,0.695501109477885
"030",0.302804463360581,0.576210399101281,0.306795344704621,0.234514118191312,0.208007806894946,0.486260150124726,0.107831706316478,0.200259802186967,0.137650323343168,0.205911105785598,0.277804360366292,0.137013562650455,0.248590406746105,0.423997217447762,0.201255926658777,1,0.522528087769141,0.387728656196851,0.414464061606434,0.372514025798095,0.179173156632915,0.35178937101395,0.356726826909168,0.184341095876515,0.421418542261434,0.161417763009444,0.381599792062251,0.335419966713924,0.342463720740889,0.575661995916351,0.285406107604214
"032",0.284651868157037,0.45603268197871,0.48082978605033,0.496618541601047,0.585990298667911,0.763367641225294,0.191438019477162,0.247972569177956,0.362035711961239,0.431094600286808,0.752624724098949,0.521688852476339,0.417858500374988,0.768720172213337,0.486251810231611,0.522528087769141,1,0.414261488272095,0.37029726448315,0.565781672537722,0.343511513883333,0.605052570648289,0.314514033835803,0.409092576129946,0.253320530493805,0.320160241315464,0.575466650092936,0.560648857489023,0.294820198793517,0.24253630102303,0.60684666287273
"036",0.348141892307385,0.401349974248964,0.679055275027653,0.474084568728746,0.54458970055196,0.439756688396274,0.63204817534642,0.480285410274126,0.591118863345813,0.500700685593672,0.462022778484625,0.54377555902896,0.643625718917464,0.472600231472024,0.555703697495597,0.387728656196851,0.414261488272095,1,0.529370481810289,0.597457450607689,0.639160064258543,0.429237213456078,0.479056658386212,0.524465437271279,0.288730405414487,0.838643014451407,0.637183648024907,0.544021572765172,0.645833983169518,0.556953278613113,0.530200525555207
"037",0.336943253135854,0.383336575520374,0.388509427234384,0.221499626349212,0.282222201810898,0.541973908292724,0.230657490173356,0.596623886060917,0.242255591321786,0.228558214884943,0.256594486544595,0.242126591621725,0.460003697101519,0.35360808640206,0.282117209502394,0.414464061606434,0.37029726448315,0.529370481810289,1,0.426254823568044,0.372851088998412,0.529059618189707,0.366524871187405,0.172626461316002,0.354995687706851,0.406112064039668,0.774551672576552,0.284494321966652,0.547870414539359,0.801365495257904,0.369918964134934
"038",0.334371115242031,0.53952626732079,0.805214412610375,0.460539618464337,0.42372430119037,0.549674959302795,0.244293288150649,0.495918562972327,0.316724758104898,0.375767176571321,0.561127586050599,0.436383497719568,0.440673947675641,0.639339679279358,0.627945289166815,0.372514025798095,0.565781672537722,0.597457450607689,0.426254823568044,1,0.536838292371341,0.771431637325268,0.394909012229881,0.538198883408721,0.418185670643811,0.464149553887662,0.528774435378294,0.45472172053239,0.272776304939975,0.337434322099014,0.452395943520166
"041",0.311008409795466,0.257629144354049,0.621339891783255,0.49841476659371,0.711400430570016,0.507755598911562,0.195107324600549,0.328753713724762,0.618323691512755,0.532216151332239,0.392973493043089,0.672487637560615,0.735004806616565,0.450087394963644,0.671194424948546,0.179173156632915,0.343511513883333,0.639160064258543,0.372851088998412,0.536838292371341,1,0.585965377301669,0.26167147384417,0.569752183029962,0.165704593252962,0.560262329502309,0.574803087741053,0.381131375841774,0.377855604445773,0.313292300536575,0.702197291728035
"043",0.337117679705373,0.485932300076894,0.595187437338662,0.491742104824748,0.446296964460489,0.806252095051221,0.258282505470487,0.45783469411686,0.433268845449978,0.406921700223711,0.516352099784798,0.609662060519333,0.389781412413247,0.629189872836761,0.83241311206345,0.35178937101395,0.605052570648289,0.429237213456078,0.529059618189707,0.771431637325268,0.585965377301669,1,0.370326218154971,0.442560771802601,0.328947197094132,0.391260714938672,0.672313904217506,0.482888948673129,0.312701459660252,0.361928812542301,0.595226697503866
"044",0.505922711926404,0.551681644323952,0.409331616569901,0.199611953644779,0.227163108189797,0.327779241492131,0.161605613531891,0.411998850043827,0.186107933016701,0.199410681401855,0.219403750439807,0.180014224006052,0.322273157620989,0.284384207668891,0.22094410335936,0.356726826909168,0.314514033835803,0.479056658386212,0.366524871187405,0.394909012229881,0.26167147384417,0.370326218154971,1,0.172224926654023,0.466769876009272,0.259816695219249,0.467971925178963,0.295474775192533,0.42161577510363,0.22932482944896,0.307088865886407
"046",0.179517765810733,0.291794925922261,0.538802828041322,0.665697511015772,0.45638946807235,0.652013780141182,0.457170379275406,0.145553029760995,0.660818457774016,0.584106923664577,0.398158010594176,0.584981605235731,0.369157073596313,0.396946148390671,0.653946878484039,0.184341095876515,0.409092576129946,0.524465437271279,0.172626461316002,0.538198883408721,0.569752183029962,0.442560771802601,0.172224926654023,1,0.172660959075194,0.434040418007352,0.279871721458615,0.625711136252749,0.168650287075641,0.112232101744478,0.266830613207619
"051",0.402416243302954,0.621576952622462,0.256540772284705,0.163322166465666,0.0996303852733068,0.469947718131927,0.0669436965971958,0.283244004122288,0.0846622904509582,0.0972786033962788,0.257395012798087,0.108038267273702,0.107524998231875,0.220396680321248,0.234526474773802,0.421418542261434,0.253320530493805,0.288730405414487,0.354995687706851,0.418185670643811,0.165704593252962,0.328947197094132,0.466769876009272,0.172660959075194,1,0.0687296949056037,0.361529346381132,0.184636261022716,0.257809871588659,0.420452764237279,0.141423693632486
"053",0.210410894191936,0.219418421356441,0.572779883233761,0.297779825111078,0.438972672089942,0.337586081731197,0.409661955840867,0.187921675855315,0.537663824878125,0.333750734179461,0.314541746636131,0.425867890827181,0.505499256490869,0.42057593713397,0.513164783225581,0.161417763009444,0.320160241315464,0.838643014451407,0.406112064039668,0.464149553887662,0.560262329502309,0.391260714938672,0.259816695219249,0.434040418007352,0.0687296949056037,1,0.46839983261777,0.355429053555711,0.292399913060482,0.426872175424465,0.444492044266264
"057",0.383039511227085,0.388721873876882,0.570740128380844,0.362158894717665,0.435709880401028,0.670521144741242,0.310859177007941,0.627251493554871,0.36898365875011,0.36212882338185,0.436850050502815,0.391061280182359,0.687057805139164,0.569424413264983,0.47161721088358,0.381599792062251,0.575466650092936,0.637183648024907,0.774551672576552,0.528774435378294,0.574803087741053,0.672313904217506,0.467971925178963,0.279871721458615,0.361529346381132,0.46839983261777,1,0.405295024896049,0.560876798602819,0.546540860680438,0.560564035890726
"058",0.298493601135432,0.42822457512262,0.54423909713221,0.620063407040493,0.400414236160495,0.701742319937878,0.222232785282956,0.189666690799195,0.35645966530724,0.481107663057956,0.485929047854621,0.41960723601258,0.394492498934867,0.42000415562462,0.534166528076027,0.335419966713924,0.560648857489023,0.544021572765172,0.284494321966652,0.45472172053239,0.381131375841774,0.482888948673129,0.295474775192533,0.625711136252749,0.184636261022716,0.355429053555711,0.405295024896049,1,0.355867563500448,0.145037873833859,0.534166528076027
"061",0.307198506335017,0.386816732186612,0.33180413674629,0.328275399337825,0.320987967574946,0.510096507331184,0.236926234176592,0.232325112956986,0.160694684403488,0.250972068761418,0.188595422541956,0.307658990515685,0.456123345677539,0.211423346357168,0.280408307756038,0.342463720740889,0.294820198793517,0.645833983169518,0.547870414539359,0.272776304939975,0.377855604445773,0.312701459660252,0.42161577510363,0.168650287075641,0.257809871588659,0.292399913060482,0.560876798602819,0.355867563500448,1,0.374092518071873,0.424705864064808
"072",0.298274579962614,0.513305399713735,0.34284387847535,0.156257387068533,0.231897940292142,0.215782772463267,0.255028377474888,0.491865463353269,0.21560602484738,0.184194958726331,0.130298607765823,0.185062570982139,0.376216133074464,0.215370518296451,0.188070213620091,0.575661995916351,0.24253630102303,0.556953278613113,0.801365495257904,0.337434322099014,0.313292300536575,0.361928812542301,0.22932482944896,0.112232101744478,0.420452764237279,0.426872175424465,0.546540860680438,0.145037873833859,0.374092518071873,1,0.253998715074224
"078",0.408306918839835,0.281630856505,0.502008416075759,0.436093499157962,0.542603813657821,0.592240704239393,0.197022999694397,0.325131170018605,0.360430162735405,0.402123095199182,0.473711884416127,0.506157289531652,0.630713694544278,0.599387852162587,0.695501109477885,0.285406107604214,0.60684666287273,0.530200525555207,0.369918964134934,0.452395943520166,0.702197291728035,0.595226697503866,0.307088865886407,0.266830613207619,0.141423693632486,0.444492044266264,0.560564035890726,0.534166528076027,0.424705864064808,0.253998715074224,1
